# Pyrat bay atmospheric model
# Pressure units:
@PRESSURE
bar
# Temperatures units:
@TEMPERATURE
kelvin
# Abundance units (mixing fraction):
@ABUNDANCE
volume

# Atmospheric composition:
@SPECIES
H  He  C  N  O  Na  H2  H2O  CH4  CO  CO2  NH3  HCN  N2

# Pressure  Temperature  H             He            C             N             O             Na            H2            H2O           CH4           CO            CO2           NH3           HCN           N2            
@DATA
1.0000e-06      893.138  8.607206e-08  1.411427e-01  2.097627e-24  2.745804e-24  3.820717e-30  5.697161e-06  8.538120e-01  3.170281e-13  3.203462e-03  1.681351e-03  1.492783e-15  8.903154e-12  7.720640e-05  7.744235e-05
1.2045e-06      893.138  7.842512e-08  1.411442e-01  1.450670e-24  2.586905e-24  4.586646e-30  5.697222e-06  8.538051e-01  4.584113e-13  3.214204e-03  1.681369e-03  2.158553e-15  1.108829e-11  6.649986e-05  8.279686e-05
1.4508e-06      893.137  7.145756e-08  1.411456e-01  1.002874e-24  2.424110e-24  5.508162e-30  5.697277e-06  8.537989e-01  6.630937e-13  3.223786e-03  1.681386e-03  3.122409e-15  1.373559e-11  5.694920e-05  8.757330e-05
1.7475e-06      893.137  6.510901e-08  1.411468e-01  6.930523e-25  2.261213e-24  6.617203e-30  5.697325e-06  8.537935e-01  9.595150e-13  3.232232e-03  1.681400e-03  4.518282e-15  1.693746e-11  4.853054e-05  9.178361e-05
2.1049e-06      893.137  5.932447e-08  1.411478e-01  4.787808e-25  2.101149e-24  7.952234e-30  5.697367e-06  8.537888e-01  1.388918e-12  3.239603e-03  1.681412e-03  6.540396e-15  2.080544e-11  4.118335e-05  9.545805e-05
2.5354e-06      893.137  5.405383e-08  1.411487e-01  3.306517e-25  1.946096e-24  9.559574e-30  5.697403e-06  8.537847e-01  2.011116e-12  3.245983e-03  1.681423e-03  9.470434e-15  2.547410e-11  3.482452e-05  9.863821e-05
3.0539e-06      893.137  4.925142e-08  1.411495e-01  2.282870e-25  1.797585e-24  1.149500e-29  5.697434e-06  8.537811e-01  2.912863e-12  3.251466e-03  1.681432e-03  1.371695e-14  3.110571e-11  2.935927e-05  1.013715e-04
3.6784e-06      893.137  4.487565e-08  1.411501e-01  1.575730e-25  1.656627e-24  1.382569e-29  5.697461e-06  8.537781e-01  4.219992e-12  3.256152e-03  1.681440e-03  1.987252e-14  3.789596e-11  2.468925e-05  1.037070e-04
4.4306e-06      893.136  4.088860e-08  1.411507e-01  1.087390e-25  1.523814e-24  1.663252e-29  5.697483e-06  8.537756e-01  6.115026e-12  3.260136e-03  1.681446e-03  2.879674e-14  4.608071e-11  2.071802e-05  1.056931e-04
5.3367e-06      893.136  3.725574e-08  1.411512e-01  7.502475e-26  1.399416e-24  2.001293e-29  5.697502e-06  8.537734e-01  8.862737e-12  3.263510e-03  1.681452e-03  4.173651e-14  5.594424e-11  1.735463e-05  1.073752e-04
6.4281e-06      893.136  3.394560e-08  1.411516e-01  5.175474e-26  1.283465e-24  2.408423e-29  5.697519e-06  8.537716e-01  1.284721e-11  3.266359e-03  1.681457e-03  6.050067e-14  6.782907e-11  1.451559e-05  1.087950e-04
7.7426e-06      893.135  3.092950e-08  1.411519e-01  3.569701e-26  1.175816e-24  2.898772e-29  5.697532e-06  8.537700e-01  1.862564e-11  3.268756e-03  1.681461e-03  8.771329e-14  8.214794e-11  1.212587e-05  1.099901e-04
9.3260e-06      893.135  2.818132e-08  1.411522e-01  2.461831e-26  1.076198e-24  3.489356e-29  5.697544e-06  8.537687e-01  2.700637e-11  3.270770e-03  1.681464e-03  1.271812e-13  9.939808e-11  1.011902e-05  1.109938e-04
1.1233e-05      893.134  2.567726e-08  1.411524e-01  1.697604e-26  9.842597e-25  4.200669e-29  5.697553e-06  8.537676e-01  3.916209e-11  3.272457e-03  1.681467e-03  1.844274e-13  1.201785e-10  8.436964e-06  1.118350e-04
1.3530e-05      893.134  2.339562e-08  1.411526e-01  1.170503e-26  8.995949e-25  5.057392e-29  5.697561e-06  8.537667e-01  5.679419e-11  3.273870e-03  1.681469e-03  2.674644e-13  1.452109e-10  7.029409e-06  1.125389e-04
1.6298e-05      893.133  2.131664e-08  1.411528e-01  8.069963e-27  8.217699e-25  6.089247e-29  5.697568e-06  8.537660e-01  8.237105e-11  3.275050e-03  1.681471e-03  3.879176e-13  1.753645e-10  5.853133e-06  1.131272e-04
1.9630e-05      893.132  1.942232e-08  1.411529e-01  5.563363e-27  7.503393e-25  7.332027e-29  5.697574e-06  8.537653e-01  1.194740e-10  3.276035e-03  1.681473e-03  5.626536e-13  2.116865e-10  4.871227e-06  1.136182e-04
2.3645e-05      893.131  1.769624e-08  1.411531e-01  3.835068e-27  6.848587e-25  8.828835e-29  5.697578e-06  8.537648e-01  1.732990e-10  3.276856e-03  1.681474e-03  8.161445e-13  2.554382e-10  4.052332e-06  1.140278e-04
2.8480e-05      893.129  1.612347e-08  1.411532e-01  2.643510e-27  6.248939e-25  1.063158e-28  5.697582e-06  8.537644e-01  2.513852e-10  3.277541e-03  1.681475e-03  1.183898e-12  3.081393e-10  3.369911e-06  1.143690e-04
3.4305e-05      893.128  1.469037e-08  1.411532e-01  1.822059e-27  5.700265e-25  1.280275e-28  5.697585e-06  8.537640e-01  3.646714e-10  3.278112e-03  1.681476e-03  1.717434e-12  3.716200e-10  2.801584e-06  1.146532e-04
4.1320e-05      893.126  1.338455e-08  1.411533e-01  1.255793e-27  5.198581e-25  1.541762e-28  5.697588e-06  8.537637e-01  5.290296e-10  3.278586e-03  1.681477e-03  2.491511e-12  4.480852e-10  2.328526e-06  1.148898e-04
4.9770e-05      893.124  1.219468e-08  1.411534e-01  8.654630e-28  4.740126e-25  1.856679e-28  5.697590e-06  8.537634e-01  7.674905e-10  3.278981e-03  1.681477e-03  3.614604e-12  5.401909e-10  1.934942e-06  1.150866e-04
5.9948e-05      893.122  1.111047e-08  1.411534e-01  5.964208e-28  4.321373e-25  2.235936e-28  5.697592e-06  8.537632e-01  1.113473e-09  3.279310e-03  1.681478e-03  5.244124e-12  6.511365e-10  1.607601e-06  1.152502e-04
7.2208e-05      893.119  1.012253e-08  1.411534e-01  4.109888e-28  3.939033e-25  2.692664e-28  5.697594e-06  8.537631e-01  1.615470e-09  3.279584e-03  1.681477e-03  7.608495e-12  7.847761e-10  1.335437e-06  1.153863e-04
8.6975e-05      893.116  9.222310e-09  1.411535e-01  2.831903e-28  3.590051e-25  3.242676e-28  5.697595e-06  8.537629e-01  2.343855e-09  3.279811e-03  1.681477e-03  1.103920e-11  9.457527e-10  1.109207e-06  1.154993e-04
1.0476e-04      893.112  8.402007e-09  1.411535e-01  1.951172e-28  3.271599e-25  3.904999e-28  5.697596e-06  8.537628e-01  3.400749e-09  3.280001e-03  1.681476e-03  1.601733e-11  1.139659e-09  9.211992e-07  1.155932e-04
1.2619e-04      893.108  7.654525e-09  1.411535e-01  1.344247e-28  2.981069e-25  4.702537e-28  5.697597e-06  8.537627e-01  4.934360e-09  3.280159e-03  1.681475e-03  2.324106e-11  1.373233e-09  7.649836e-07  1.156713e-04
1.5199e-04      893.103  6.973393e-09  1.411535e-01  9.260304e-29  2.716059e-25  5.662852e-28  5.697598e-06  8.537626e-01  7.159780e-09  3.280292e-03  1.681473e-03  3.372373e-11  1.654593e-09  6.352036e-07  1.157360e-04
1.8307e-04      893.098  6.352718e-09  1.411536e-01  6.378671e-29  2.474360e-25  6.819110e-28  5.697598e-06  8.537625e-01  1.038919e-08  3.280403e-03  1.681470e-03  4.893616e-11  1.993516e-09  5.273995e-07  1.157898e-04
2.2051e-04      893.092  5.787127e-09  1.411536e-01  4.393286e-29  2.253948e-25  8.211213e-28  5.697599e-06  8.537625e-01  1.507571e-08  3.280498e-03  1.681465e-03  7.101329e-11  2.401784e-09  4.378598e-07  1.158343e-04
2.6561e-04      893.084  5.271730e-09  1.411536e-01  3.025507e-29  2.052966e-25  9.887156e-28  5.697600e-06  8.537624e-01  2.187703e-08  3.280579e-03  1.681459e-03  1.030542e-10  2.893592e-09  3.634971e-07  1.158713e-04
3.1993e-04      893.076  4.802066e-09  1.411536e-01  2.083295e-29  1.869714e-25  1.190467e-27  5.697600e-06  8.537624e-01  3.174789e-08  3.280651e-03  1.681449e-03  1.495579e-10  3.486039e-09  3.017439e-07  1.159019e-04
3.8535e-04      893.066  4.374077e-09  1.411536e-01  1.434304e-29  1.702640e-25  1.433316e-27  5.697600e-06  8.537623e-01  4.607420e-08  3.280717e-03  1.681435e-03  2.170556e-10  4.199731e-09  2.504658e-07  1.159272e-04
4.6416e-04      893.056  3.984062e-09  1.411536e-01  9.873337e-30  1.550324e-25  1.725609e-27  5.697601e-06  8.537623e-01  6.686799e-08  3.280781e-03  1.681414e-03  3.150296e-10  5.059492e-09  2.078889e-07  1.159480e-04
5.5908e-04      893.043  3.628653e-09  1.411536e-01  6.795360e-30  1.411468e-25  2.077373e-27  5.697602e-06  8.537622e-01  9.705024e-08  3.280847e-03  1.681383e-03  4.572465e-10  6.095235e-09  1.725389e-07  1.159652e-04
6.7342e-04      893.030  3.304779e-09  1.411537e-01  4.676070e-30  1.284891e-25  2.500660e-27  5.697602e-06  8.537621e-01  1.408617e-07  3.280921e-03  1.681339e-03  6.636935e-10  7.343001e-09  1.431910e-07  1.159793e-04
8.1113e-04      893.014  3.009647e-09  1.411537e-01  3.217097e-30  1.169513e-25  3.009939e-27  5.697603e-06  8.537620e-01  2.044590e-07  3.281010e-03  1.681275e-03  9.633863e-10  8.846219e-09  1.188276e-07  1.159907e-04
9.7701e-04      892.997  2.740711e-09  1.411537e-01  2.212881e-30  1.064351e-25  3.622585e-27  5.697604e-06  8.537619e-01  2.967799e-07  3.281123e-03  1.681183e-03  1.398444e-09  1.065722e-08  9.860361e-08  1.160000e-04
1.1768e-03      892.978  2.495654e-09  1.411537e-01  1.521809e-30  9.685105e-26  4.359437e-27  5.697606e-06  8.537617e-01  4.307978e-07  3.281276e-03  1.681048e-03  2.029990e-09  1.283905e-08  8.181693e-08  1.160073e-04
1.4175e-03      892.958  2.272367e-09  1.411538e-01  1.046337e-30  8.811759e-26  5.245478e-27  5.697608e-06  8.537614e-01  6.253403e-07  3.281486e-03  1.680852e-03  2.946695e-09  1.546769e-08  6.788459e-08  1.160130e-04
1.7074e-03      892.935  2.068930e-09  1.411539e-01  7.192786e-31  8.016059e-26  6.310625e-27  5.697612e-06  8.537611e-01  9.077199e-07  3.281784e-03  1.680568e-03  4.277111e-09  1.863468e-08  5.632242e-08  1.160173e-04
2.0565e-03      892.911  1.883597e-09  1.411540e-01  4.943660e-31  7.291268e-26  7.590641e-27  5.697616e-06  8.537605e-01  1.317536e-06  3.282208e-03  1.680156e-03  6.207434e-09  2.245029e-08  4.672839e-08  1.160202e-04
2.4771e-03      892.885  1.714781e-09  1.411542e-01  3.397394e-31  6.631269e-26  9.128194e-27  5.697623e-06  8.537597e-01  1.912150e-06  3.282817e-03  1.679558e-03  9.006956e-09  2.704736e-08  3.876869e-08  1.160221e-04
2.9836e-03      892.858  1.561038e-09  1.411544e-01  2.334650e-31  6.030513e-26  1.097403e-26  5.697633e-06  8.537586e-01  2.774543e-06  3.283696e-03  1.678690e-03  1.306433e-08  3.258587e-08  3.216618e-08  1.160228e-04
3.5938e-03      892.830  1.421056e-09  1.411548e-01  1.604446e-31  5.483975e-26  1.318820e-26  5.697648e-06  8.537570e-01  4.024523e-06  3.284965e-03  1.677433e-03  1.893868e-08  3.925845e-08  2.669078e-08  1.160225e-04
4.3288e-03      892.803  1.293646e-09  1.411553e-01  1.102878e-31  4.987107e-26  1.584132e-26  5.697668e-06  8.537546e-01  5.834568e-06  3.286800e-03  1.675612e-03  2.743070e-08  4.729692e-08  2.215148e-08  1.160212e-04
5.2140e-03      892.778  1.177727e-09  1.411560e-01  7.584576e-32  4.535808e-26  1.901556e-26  5.697698e-06  8.537512e-01  8.451949e-06  3.289451e-03  1.672979e-03  3.967921e-08  5.698017e-08  1.838977e-08  1.160188e-04
6.2803e-03      892.757  1.072322e-09  1.411571e-01  5.220100e-32  4.126382e-26  2.280502e-26  5.697742e-06  8.537464e-01  1.222902e-05  3.293274e-03  1.669179e-03  5.728803e-08  6.864340e-08  1.527407e-08  1.160154e-04
7.5646e-03      892.741  9.765450e-10  1.411587e-01  3.597211e-32  3.755511e-26  2.731494e-26  5.697804e-06  8.537393e-01  1.766355e-05  3.298772e-03  1.663713e-03  8.248328e-08  8.268922e-08  1.269523e-08  1.160110e-04
9.1116e-03      892.735  8.895960e-10  1.411609e-01  2.483460e-32  3.420229e-26  3.265863e-26  5.697893e-06  8.537292e-01  2.545001e-05  3.306648e-03  1.655881e-03  1.182896e-07  9.960052e-08  1.056263e-08  1.160054e-04
1.0975e-02      892.742  8.107542e-10  1.411640e-01  1.719118e-32  3.117899e-26  3.895067e-26  5.698020e-06  8.537149e-01  3.654022e-05  3.317863e-03  1.644727e-03  1.686884e-07  1.199556e-07  8.801109e-09  1.159987e-04
1.3219e-02      892.768  7.393711e-10  1.411685e-01  1.194464e-32  2.846196e-26  4.629444e-26  5.698200e-06  8.536946e-01  5.220607e-05  3.333704e-03  1.628975e-03  2.386733e-07  1.444457e-07  7.348220e-09  1.159908e-04
1.5923e-02      892.821  6.748656e-10  1.411747e-01  8.341640e-33  2.603091e-26  5.476232e-26  5.698450e-06  8.536662e-01  7.408690e-05  3.355826e-03  1.606977e-03  3.340488e-07  1.738947e-07  6.152042e-09  1.159818e-04
1.9179e-02      892.909  6.167193e-10  1.411832e-01  5.865132e-33  2.386848e-26  6.436795e-26  5.698795e-06  8.536273e-01  1.041894e-04  3.386254e-03  1.576723e-03  4.607334e-07  2.092814e-07  5.169278e-09  1.159716e-04
2.3101e-02      893.045  5.644731e-10  1.411947e-01  4.160453e-33  2.196026e-26  7.503404e-26  5.699260e-06  8.535747e-01  1.447929e-04  3.427289e-03  1.535931e-03  6.233003e-07  2.517638e-07  4.363654e-09  1.159602e-04
2.7826e-02      893.244  5.177235e-10  1.412099e-01  2.984474e-33  2.029494e-26  8.656527e-26  5.699871e-06  8.535056e-01  1.982094e-04  3.481257e-03  1.482297e-03  8.226347e-07  3.027047e-07  3.704596e-09  1.159475e-04
3.3516e-02      893.523  4.761215e-10  1.412292e-01  2.170701e-33  1.886462e-26  9.864244e-26  5.700651e-06  8.534174e-01  2.663725e-04  3.550100e-03  1.413903e-03  1.053044e-06  3.636976e-07  3.166178e-09  1.159332e-04
4.0370e-02      893.905  4.393711e-10  1.412530e-01  1.605304e-33  1.766542e-26  1.108553e-25  5.701610e-06  8.533088e-01  3.502986e-04  3.634826e-03  1.329766e-03  1.299898e-06  4.365901e-07  2.726357e-09  1.159165e-04
4.8626e-02      894.420  4.072308e-10  1.412811e-01  1.210667e-33  1.669840e-26  1.227811e-25  5.702745e-06  8.531804e-01  4.495496e-04  3.734970e-03  1.230371e-03  1.539464e-06  5.235033e-07  2.366491e-09  1.158963e-04
5.8570e-02      895.099  3.795154e-10  1.413128e-01  9.340586e-34  1.597116e-26  1.340977e-25  5.704028e-06  8.530351e-01  5.618896e-04  3.848252e-03  1.118004e-03  1.742344e-06  6.268407e-07  2.071066e-09  1.158710e-04
7.0548e-02      895.985  3.561016e-10  1.413472e-01  7.398443e-34  1.550025e-26  1.447025e-25  5.705413e-06  8.528780e-01  6.833072e-04  3.970606e-03  9.967190e-04  1.880355e-06  7.492826e-07  1.827519e-09  1.158381e-04
8.4975e-02      897.126  3.369365e-10  1.413825e-01  6.041272e-34  1.531510e-26  1.548102e-25  5.706841e-06  8.527161e-01  8.084733e-04  4.096649e-03  8.718658e-04  1.934612e-06  8.937581e-07  1.626052e-09  1.157950e-04
1.0235e-01      898.575  3.220510e-10  1.414173e-01  5.111234e-34  1.546428e-26  1.650186e-25  5.708244e-06  8.525570e-01  9.315535e-04  4.220504e-03  7.492664e-04  1.901246e-06  1.063386e-06  1.459347e-09  1.157389e-04
1.2328e-01      900.398  3.115794e-10  1.414499e-01  4.507903e-34  1.602568e-26  1.763557e-25  5.709562e-06  8.524074e-01  1.047162e-03  4.336762e-03  6.342648e-04  1.792013e-06  1.261380e-06  1.322185e-09  1.156668e-04
1.4850e-01      902.665  3.057877e-10  1.414793e-01  4.174138e-34  1.712339e-26  1.903439e-25  5.710746e-06  8.522729e-01  1.151178e-03  4.441298e-03  5.309230e-04  1.629620e-06  1.490915e-06  1.211001e-09  1.155762e-04
1.7886e-01      905.451  3.051126e-10  1.415047e-01  4.090142e-34  1.895614e-26  2.091388e-25  5.711771e-06  8.521564e-01  1.241192e-03  4.531713e-03  4.415904e-04  1.440333e-06  1.754967e-06  1.123465e-09  1.154651e-04
2.1544e-01      908.835  3.102141e-10  1.415259e-01  4.276190e-34  2.184642e-26  2.358231e-25  5.712629e-06  8.520590e-01  1.316506e-03  4.607328e-03  3.669157e-04  1.247290e-06  2.056131e-06  1.058122e-09  1.153320e-04
2.5950e-01      912.895  3.220445e-10  1.415432e-01  4.807399e-34  2.632642e-26  2.749740e-25  5.713327e-06  8.519796e-01  1.377788e-03  4.668832e-03  3.062006e-04  1.066804e-06  2.396488e-06  1.014158e-09  1.151761e-04
3.1257e-01      917.700  3.419332e-10  1.415570e-01  5.849426e-34  3.329067e-26  3.336923e-25  5.713884e-06  8.519163e-01  1.426573e-03  4.717778e-03  2.578981e-04  9.078009e-07  2.777540e-06  9.912675e-10  1.149969e-04
3.7649e-01      923.305  3.716827e-10  1.415678e-01  7.735070e-34  4.426919e-26  4.233978e-25  5.714320e-06  8.518667e-01  1.464791e-03  4.756113e-03  2.200775e-04  7.732616e-07  3.200319e-06  9.895706e-10  1.147944e-04
4.5349e-01      929.741  4.136577e-10  1.415762e-01  1.112458e-33  6.191457e-26  5.628856e-25  5.714659e-06  8.518281e-01  1.494432e-03  4.785837e-03  1.907594e-04  6.622810e-07  3.665726e-06  1.009523e-09  1.145686e-04
5.4623e-01      937.004  4.708294e-10  1.415827e-01  1.733749e-33  9.085546e-26  7.833596e-25  5.714922e-06  8.517982e-01  1.517348e-03  4.808814e-03  1.681017e-04  5.718882e-07  4.175156e-06  1.051722e-09  1.143192e-04
6.5793e-01      945.047  5.467010e-10  1.415878e-01  2.902363e-33  1.391322e-25  1.136249e-24  5.715128e-06  8.517748e-01  1.535185e-03  4.826697e-03  1.504719e-04  4.983072e-07  4.731419e-06  1.116523e-09  1.140452e-04
7.9248e-01      953.772  6.449956e-10  1.415919e-01  5.144649e-33  2.204299e-25  1.704056e-24  5.715292e-06  8.517561e-01  1.549379e-03  4.840925e-03  1.364475e-04  4.376976e-07  5.339932e-06  1.203375e-09  1.137443e-04
9.5455e-01      963.020  7.689552e-10  1.415953e-01  9.467213e-33  3.570676e-25  2.612150e-24  5.715430e-06  8.517404e-01  1.561179e-03  4.852752e-03  1.247911e-04  3.865334e-07  6.010088e-06  1.309838e-09  1.134120e-04
1.1498e+00      972.578  9.201171e-10  1.415984e-01  1.764958e-32  5.828303e-25  4.033741e-24  5.715553e-06  8.517264e-01  1.571665e-03  4.863265e-03  1.144309e-04  3.417876e-07  6.756720e-06  1.430386e-09  1.130411e-04
1.3849e+00      982.182  1.096589e-09  1.416013e-01  3.241968e-32  9.428885e-25  6.170889e-24  5.715672e-06  8.517128e-01  1.581742e-03  4.873369e-03  1.044708e-04  3.010340e-07  7.601589e-06  1.555309e-09  1.126210e-04
1.6681e+00      991.528  1.291186e-09  1.416044e-01  5.697781e-32  1.485725e-24  9.187323e-24  5.715795e-06  8.516989e-01  1.592090e-03  4.883750e-03  9.423594e-05  2.625313e-07  8.574864e-06  1.670356e-09  1.121368e-04
2.0092e+00     1000.303  1.490264e-09  1.416076e-01  9.311749e-32  2.241916e-24  1.308117e-23  5.715927e-06  8.516839e-01  1.603095e-03  4.894793e-03  8.334379e-05  2.252936e-07  9.716553e-06  1.757898e-09  1.115686e-04
2.4201e+00     1008.209  1.674404e-09  1.416111e-01  1.379910e-31  3.191630e-24  1.753707e-23  5.716067e-06  8.516679e-01  1.614788e-03  4.906531e-03  7.176490e-05  1.891163e-07  1.107785e-05  1.800108e-09  1.108908e-04
2.9151e+00     1014.997  1.821785e-09  1.416147e-01  1.819009e-31  4.238050e-24  2.187214e-23  5.716214e-06  8.516513e-01  1.626840e-03  4.918632e-03  5.982544e-05  1.544992e-07  1.272212e-05  1.783743e-09  1.100717e-04
3.5112e+00     1020.510  1.913871e-09  1.416184e-01  2.110355e-31  5.215621e-24  2.520316e-23  5.716359e-06  8.516347e-01  1.638656e-03  4.930500e-03  4.811659e-05  1.224233e-07  1.472515e-05  1.704868e-09  1.090732e-04
4.2292e+00     1024.702  1.941193e-09  1.416218e-01  2.153899e-31  5.946488e-24  2.681562e-23  5.716497e-06  8.516191e-01  1.649557e-03  4.941453e-03  3.731273e-05  9.398898e-08  1.717399e-05  1.570999e-09  1.078516e-04
5.0941e+00     1027.649  1.906266e-09  1.416248e-01  1.953622e-31  6.317341e-24  2.650304e-23  5.716622e-06  8.516050e-01  1.658989e-03  4.950933e-03  2.796516e-05  7.002800e-08  2.016423e-05  1.399094e-09  1.063591e-04
6.1359e+00     1029.540  1.821978e-09  1.416275e-01  1.605105e-31  6.322700e-24  2.461837e-23  5.716729e-06  8.515927e-01  1.666664e-03  4.958650e-03  2.036118e-05  5.084478e-08  2.379568e-05  1.210171e-09  1.045457e-04
7.3907e+00     1030.631  1.706382e-09  1.416298e-01  1.224273e-31  6.046471e-24  2.182127e-23  5.716822e-06  8.515822e-01  1.672580e-03  4.964605e-03  1.450093e-05  3.618532e-08  2.816785e-05  1.023233e-09  1.023616e-04
8.9022e+00     1031.190  1.576814e-09  1.416318e-01  8.889919e-32  5.605318e-24  1.874861e-23  5.716901e-06  8.515732e-01  1.676952e-03  4.969012e-03  1.017470e-05  2.540091e-08  3.337697e-05  8.513389e-10  9.975873e-05
1.0723e+01     1031.447  1.446063e-09  1.416335e-01  6.277757e-32  5.098490e-24  1.582375e-23  5.716972e-06  8.515652e-01  1.680085e-03  4.972179e-03  7.077237e-06  1.768358e-08  3.951562e-05  7.008411e-10  9.669091e-05
1.2915e+01     1031.564  1.321469e-09  1.416351e-01  4.375573e-32  4.587595e-24  1.324182e-23  5.717037e-06  8.515577e-01  1.682291e-03  4.974417e-03  4.901408e-06  1.225754e-08  4.667328e-05  5.729378e-10  9.311349e-05
1.5557e+01     1031.631  1.206106e-09  1.416367e-01  3.035544e-32  4.101152e-24  1.104572e-23  5.717102e-06  8.515504e-01  1.683831e-03  4.975990e-03  3.388417e-06  8.479423e-09  5.493382e-05  4.659410e-10  8.898459e-05
1.8738e+01     1031.690  1.100586e-09  1.416384e-01  2.104121e-32  3.648054e-24  9.206987e-24  5.717168e-06  8.515429e-01  1.684903e-03  4.977098e-03  2.341101e-06  5.860976e-09  6.436658e-05  3.770949e-10  8.426959e-05
2.2570e+01     1031.756  1.004477e-09  1.416401e-01  1.459350e-32  3.228813e-24  7.675949e-24  5.717237e-06  8.515351e-01  1.685651e-03  4.977884e-03  1.617376e-06  4.049913e-09  7.501043e-05  3.035852e-10  7.894911e-05
2.7186e+01     1031.835  9.170537e-10  1.416419e-01  1.013291e-32  2.841572e-24  6.403265e-24  5.717311e-06  8.515267e-01  1.686175e-03  4.978449e-03  1.117549e-06  2.798383e-09  8.685304e-05  2.429225e-10  7.302934e-05
3.2745e+01     1031.930  8.375754e-10  1.416438e-01  7.045827e-33  2.484334e-24  5.345947e-24  5.717389e-06  8.515179e-01  1.686545e-03  4.978863e-03  7.724095e-07  1.933871e-09  9.980815e-05  1.930096e-10  6.655339e-05
3.9442e+01     1032.044  7.653569e-10  1.416459e-01  4.907828e-33  2.155553e-24  4.467822e-24  5.717471e-06  8.515086e-01  1.686808e-03  4.979173e-03  5.340814e-07  1.336801e-09  1.136945e-04  1.521032e-10  5.961192e-05
4.7508e+01     1032.182  6.997743e-10  1.416480e-01  3.425826e-33  1.854227e-24  3.738698e-24  5.717556e-06  8.514989e-01  1.686999e-03  4.979412e-03  3.694883e-07  9.244457e-10  1.282214e-04  1.187567e-10  5.235019e-05
5.7224e+01     1032.348  6.402617e-10  1.416501e-01  2.397447e-33  1.579868e-24  3.133428e-24  5.717641e-06  8.514892e-01  1.687139e-03  4.979601e-03  2.557921e-07  6.396301e-10  1.429898e-04  9.176546e-11  4.496777e-05
6.8926e+01     1032.547  5.863062e-10  1.416522e-01  1.682932e-33  1.332391e-24  2.631099e-24  5.717725e-06  8.514797e-01  1.687242e-03  4.979753e-03  1.772288e-07  4.428644e-10  1.575158e-04  7.011837e-11  3.770647e-05
8.3022e+01     1032.787  5.374442e-10  1.416542e-01  1.185739e-33  1.111912e-24  2.214329e-24  5.717805e-06  8.514707e-01  1.687320e-03  4.979876e-03  1.229193e-07  3.068854e-10  1.712835e-04  5.295493e-11  3.082428e-05
1.0000e+02     1033.076  4.932570e-10  1.416559e-01  8.391515e-34  9.184604e-25  1.868689e-24  5.717877e-06  8.514625e-01  1.687379e-03  4.979977e-03  8.535669e-08  2.128755e-10  1.838185e-04  3.952983e-11  2.455822e-05
